100 200
a 1 2 44
a 2 1 44
a 2 3 11
a 3 2 11
a 3 4 14
a 4 3 14
a 4 5 73
a 5 4 73
a 5 6 89
a 6 5 89
a 6 7 51
a 7 6 51
a 7 8 84
a 8 7 84
a 8 9 61
a 9 8 61
a 9 10 71
a 10 9 71
a 10 11 20
a 11 10 20
a 11 12 28
a 12 11 28
a 12 13 52
a 13 12 52
a 13 14 24
a 14 13 24
a 14 15 29
a 15 14 29
a 15 16 72
a 16 15 72
a 16 17 77
a 17 16 77
a 17 18 24
a 18 17 24
a 18 19 32
a 19 18 32
a 19 20 14
a 20 19 14
a 20 21 99
a 21 20 99
a 21 22 29
a 22 21 29
a 22 23 30
a 23 22 30
a 23 24 39
a 24 23 39
a 24 25 16
a 25 24 16
a 25 26 14
a 26 25 14
a 26 27 62
a 27 26 62
a 27 28 12
a 28 27 12
a 28 29 73
a 29 28 73
a 28 84 62
a 84 28 62
a 29 30 99
a 30 29 99
a 30 31 75
a 31 30 75
a 31 32 23
a 32 31 23
a 32 33 52
a 33 32 52
a 33 34 38
a 34 33 38
a 34 35 54
a 35 34 54
a 35 36 80
a 36 35 80
a 36 37 30
a 37 36 30
a 37 38 49
a 38 37 49
a 38 39 93
a 39 38 93
a 39 40 25
a 40 39 25
a 40 41 30
a 41 40 30
a 41 42 28
a 42 41 28
a 42 43 69
a 43 42 69
a 43 44 61
a 44 43 61
a 44 45 97
a 45 44 97
a 45 46 95
a 46 45 95
a 46 47 22
a 47 46 22
a 47 48 48
a 48 47 48
a 48 49 22
a 49 48 22
a 49 50 72
a 50 49 72
a 50 51 93
a 51 50 93
a 51 52 48
a 52 51 48
a 52 53 74
a 53 52 74
a 53 54 41
a 54 53 41
a 54 55 47
a 55 54 47
a 55 56 81
a 56 55 81
a 56 57 5
a 57 56 5
a 57 58 60
a 58 57 60
a 58 59 95
a 59 58 95
a 59 60 85
a 60 59 85
a 60 61 51
a 61 60 51
a 61 62 100
a 62 61 100
a 62 63 47
a 63 62 47
a 63 64 46
a 64 63 46
a 64 65 79
a 65 64 79
a 65 66 45
a 66 65 45
a 66 67 25
a 67 66 25
a 67 68 38
a 68 67 38
a 68 69 88
a 69 68 88
a 69 70 20
a 70 69 20
a 70 71 74
a 71 70 74
a 71 72 42
a 72 71 42
a 72 73 46
a 73 72 46
a 73 74 14
a 74 73 14
a 74 75 71
a 75 74 71
a 75 76 97
a 76 75 97
a 76 77 75
a 77 76 75
a 77 78 87
a 78 77 87
a 78 79 82
a 79 78 82
a 79 80 16
a 80 79 16
a 80 81 8
a 81 80 8
a 81 82 90
a 82 81 90
a 82 83 36
a 83 82 36
a 83 84 47
a 84 83 47
a 84 85 97
a 85 84 97
a 85 86 40
a 86 85 40
a 86 87 82
a 87 86 82
a 87 88 69
a 88 87 69
a 88 89 64
a 89 88 64
a 89 90 69
a 90 89 69
a 90 91 13
a 91 90 13
a 91 92 88
a 92 91 88
a 92 93 29
a 93 92 29
a 93 94 29
a 94 93 29
a 94 95 5
a 95 94 5
a 95 96 79
a 96 95 79
a 96 97 63
a 97 96 63
a 97 98 86
a 98 97 86
a 98 99 38
a 99 98 38
a 99 100 1
a 100 99 1
