250 500
a 1 2 100
a 2 1 100
a 2 3 77
a 3 2 77
a 3 4 41
a 4 3 41
a 4 5 98
a 5 4 98
a 5 6 9
a 6 5 9
a 6 7 71
a 7 6 71
a 7 8 18
a 8 7 18
a 8 9 37
a 9 8 37
a 9 10 44
a 10 9 44
a 10 11 65
a 11 10 65
a 11 12 14
a 12 11 14
a 11 40 2
a 40 11 2
a 12 13 45
a 13 12 45
a 13 14 95
a 14 13 95
a 14 15 73
a 15 14 73
a 15 16 66
a 16 15 66
a 16 17 99
a 17 16 99
a 17 18 24
a 18 17 24
a 18 19 94
a 19 18 94
a 19 20 11
a 20 19 11
a 20 21 83
a 21 20 83
a 21 22 22
a 22 21 22
a 22 23 83
a 23 22 83
a 23 24 81
a 24 23 81
a 24 25 1
a 25 24 1
a 25 26 8
a 26 25 8
a 26 27 51
a 27 26 51
a 27 28 17
a 28 27 17
a 28 29 30
a 29 28 30
a 29 30 95
a 30 29 95
a 30 31 100
a 31 30 100
a 31 32 65
a 32 31 65
a 32 33 5
a 33 32 5
a 33 34 10
a 34 33 10
a 34 35 36
a 35 34 36
a 35 36 86
a 36 35 86
a 36 37 60
a 37 36 60
a 37 38 69
a 38 37 69
a 38 39 97
a 39 38 97
a 39 40 47
a 40 39 47
a 40 41 66
a 41 40 66
a 41 42 96
a 42 41 96
a 42 43 48
a 43 42 48
a 43 44 11
a 44 43 11
a 44 45 36
a 45 44 36
a 45 46 88
a 46 45 88
a 46 47 4
a 47 46 4
a 47 48 87
a 48 47 87
a 48 49 26
a 49 48 26
a 49 50 86
a 50 49 86
a 50 51 18
a 51 50 18
a 51 52 93
a 52 51 93
a 52 53 21
a 53 52 21
a 53 54 65
a 54 53 65
a 54 55 67
a 55 54 67
a 55 56 85
a 56 55 85
a 56 57 9
a 57 56 9
a 57 58 80
a 58 57 80
a 58 59 62
a 59 58 62
a 59 60 31
a 60 59 31
a 60 61 79
a 61 60 79
a 61 62 31
a 62 61 31
a 62 63 69
a 63 62 69
a 63 64 57
a 64 63 57
a 64 65 21
a 65 64 21
a 65 66 23
a 66 65 23
a 66 67 12
a 67 66 12
a 67 68 42
a 68 67 42
a 68 69 98
a 69 68 98
a 69 70 97
a 70 69 97
a 70 71 97
a 71 70 97
a 71 72 58
a 72 71 58
a 72 73 72
a 73 72 72
a 73 74 52
a 74 73 52
a 74 75 28
a 75 74 28
a 75 76 1
a 76 75 1
a 76 77 53
a 77 76 53
a 77 78 85
a 78 77 85
a 78 79 27
a 79 78 27
a 79 80 19
a 80 79 19
a 80 81 13
a 81 80 13
a 81 82 34
a 82 81 34
a 82 83 15
a 83 82 15
a 83 84 31
a 84 83 31
a 84 85 48
a 85 84 48
a 85 86 61
a 86 85 61
a 86 87 49
a 87 86 49
a 87 88 48
a 88 87 48
a 88 89 92
a 89 88 92
a 89 90 54
a 90 89 54
a 90 91 72
a 91 90 72
a 91 92 9
a 92 91 9
a 92 93 95
a 93 92 95
a 93 94 38
a 94 93 38
a 94 95 95
a 95 94 95
a 95 96 93
a 96 95 93
a 96 97 13
a 97 96 13
a 97 98 75
a 98 97 75
a 98 99 37
a 99 98 37
a 99 100 57
a 100 99 57
a 100 101 33
a 101 100 33
a 101 102 76
a 102 101 76
a 102 103 70
a 103 102 70
a 103 104 39
a 104 103 39
a 104 105 65
a 105 104 65
a 105 106 60
a 106 105 60
a 106 107 60
a 107 106 60
a 107 108 18
a 108 107 18
a 108 109 23
a 109 108 23
a 109 110 32
a 110 109 32
a 110 111 56
a 111 110 56
a 111 112 79
a 112 111 79
a 112 113 67
a 113 112 67
a 113 114 82
a 114 113 82
a 114 115 24
a 115 114 24
a 115 116 3
a 116 115 3
a 116 117 15
a 117 116 15
a 117 118 11
a 118 117 11
a 118 119 31
a 119 118 31
a 119 120 48
a 120 119 48
a 120 121 30
a 121 120 30
a 121 122 43
a 122 121 43
a 122 123 69
a 123 122 69
a 123 124 60
a 124 123 60
a 124 125 89
a 125 124 89
a 125 126 26
a 126 125 26
a 126 127 10
a 127 126 10
a 127 128 83
a 128 127 83
a 128 129 68
a 129 128 68
a 129 130 24
a 130 129 24
a 130 131 11
a 131 130 11
a 131 132 40
a 132 131 40
a 132 133 68
a 133 132 68
a 133 134 5
a 134 133 5
a 134 135 36
a 135 134 36
a 135 136 39
a 136 135 39
a 136 137 24
a 137 136 24
a 137 138 13
a 138 137 13
a 138 139 94
a 139 138 94
a 139 140 98
a 140 139 98
a 140 141 78
a 141 140 78
a 141 142 75
a 142 141 75
a 142 143 16
a 143 142 16
a 143 144 37
a 144 143 37
a 144 145 60
a 145 144 60
a 145 146 41
a 146 145 41
a 146 147 6
a 147 146 6
a 147 148 49
a 148 147 49
a 148 149 74
a 149 148 74
a 149 150 2
a 150 149 2
a 150 151 77
a 151 150 77
a 151 152 96
a 152 151 96
a 152 153 73
a 153 152 73
a 153 154 92
a 154 153 92
a 154 155 49
a 155 154 49
a 155 156 79
a 156 155 79
a 156 157 82
a 157 156 82
a 157 158 49
a 158 157 49
a 158 159 97
a 159 158 97
a 159 160 74
a 160 159 74
a 160 161 11
a 161 160 11
a 161 162 44
a 162 161 44
a 162 163 64
a 163 162 64
a 163 164 38
a 164 163 38
a 164 165 40
a 165 164 40
a 165 166 70
a 166 165 70
a 166 167 78
a 167 166 78
a 167 168 89
a 168 167 89
a 168 169 60
a 169 168 60
a 169 170 58
a 170 169 58
a 170 171 53
a 171 170 53
a 171 172 12
a 172 171 12
a 172 173 42
a 173 172 42
a 173 174 9
a 174 173 9
a 174 175 95
a 175 174 95
a 175 176 99
a 176 175 99
a 176 177 68
a 177 176 68
a 177 178 100
a 178 177 100
a 178 179 44
a 179 178 44
a 179 180 7
a 180 179 7
a 180 181 59
a 181 180 59
a 181 182 76
a 182 181 76
a 182 183 28
a 183 182 28
a 183 184 47
a 184 183 47
a 184 185 12
a 185 184 12
a 185 186 1
a 186 185 1
a 186 187 57
a 187 186 57
a 187 188 85
a 188 187 85
a 188 189 31
a 189 188 31
a 189 190 9
a 190 189 9
a 190 191 17
a 191 190 17
a 191 192 54
a 192 191 54
a 192 193 87
a 193 192 87
a 193 194 96
a 194 193 96
a 194 195 17
a 195 194 17
a 195 196 63
a 196 195 63
a 196 197 1
a 197 196 1
a 197 198 28
a 198 197 28
a 198 199 20
a 199 198 20
a 199 200 1
a 200 199 1
a 200 201 56
a 201 200 56
a 201 202 30
a 202 201 30
a 202 203 3
a 203 202 3
a 203 204 80
a 204 203 80
a 204 205 13
a 205 204 13
a 205 206 10
a 206 205 10
a 206 207 27
a 207 206 27
a 207 208 10
a 208 207 10
a 208 209 22
a 209 208 22
a 209 210 29
a 210 209 29
a 210 211 91
a 211 210 91
a 211 212 70
a 212 211 70
a 212 213 38
a 213 212 38
a 213 214 24
a 214 213 24
a 214 215 36
a 215 214 36
a 215 216 98
a 216 215 98
a 216 217 25
a 217 216 25
a 217 218 19
a 218 217 19
a 218 219 42
a 219 218 42
a 219 220 51
a 220 219 51
a 220 221 78
a 221 220 78
a 221 222 59
a 222 221 59
a 222 223 87
a 223 222 87
a 223 224 82
a 224 223 82
a 224 225 22
a 225 224 22
a 225 226 26
a 226 225 26
a 226 227 85
a 227 226 85
a 227 228 1
a 228 227 1
a 228 229 97
a 229 228 97
a 229 230 16
a 230 229 16
a 230 231 93
a 231 230 93
a 231 232 75
a 232 231 75
a 232 233 28
a 233 232 28
a 233 234 58
a 234 233 58
a 234 235 92
a 235 234 92
a 235 236 97
a 236 235 97
a 236 237 17
a 237 236 17
a 237 238 68
a 238 237 68
a 238 239 37
a 239 238 37
a 239 240 88
a 240 239 88
a 240 241 78
a 241 240 78
a 241 242 41
a 242 241 41
a 242 243 83
a 243 242 83
a 243 244 70
a 244 243 70
a 244 245 57
a 245 244 57
a 245 246 53
a 246 245 53
a 246 247 62
a 247 246 62
a 247 248 39
a 248 247 39
a 248 249 100
a 249 248 100
a 249 250 59
a 250 249 59
