10 74
a 1 2 73
a 2 1 73
a 1 4 38
a 4 1 38
a 1 3 67
a 3 1 67
a 1 10 27
a 10 1 27
a 1 8 37
a 8 1 37
a 1 6 64
a 6 1 64
a 1 7 64
a 7 1 64
a 1 9 45
a 9 1 45
a 2 3 36
a 3 2 36
a 2 10 30
a 10 2 30
a 2 5 36
a 5 2 36
a 2 6 6
a 6 2 6
a 2 7 72
a 7 2 72
a 2 8 96
a 8 2 96
a 3 4 48
a 4 3 48
a 3 9 59
a 9 3 59
a 3 5 25
a 5 3 25
a 3 7 89
a 7 3 89
a 3 6 4
a 6 3 4
a 3 8 58
a 8 3 58
a 3 10 88
a 10 3 88
a 4 5 2
a 5 4 2
a 4 6 11
a 6 4 11
a 4 9 81
a 9 4 81
a 4 10 77
a 10 4 77
a 5 6 80
a 6 5 80
a 5 8 11
a 8 5 11
a 5 9 66
a 9 5 66
a 6 7 83
a 7 6 83
a 6 9 23
a 9 6 23
a 6 10 85
a 10 6 85
a 6 8 33
a 8 6 33
a 7 8 41
a 8 7 41
a 7 9 59
a 9 7 59
a 8 9 49
a 9 8 49
a 8 10 36
a 10 8 36
a 9 10 27
a 10 9 27
