75 150
a 1 2 4
a 2 1 4
a 2 3 94
a 3 2 94
a 3 4 48
a 4 3 48
a 4 5 65
a 5 4 65
a 4 51 19
a 51 4 19
a 5 6 37
a 6 5 37
a 6 7 3
a 7 6 3
a 7 8 65
a 8 7 65
a 8 9 91
a 9 8 91
a 9 10 59
a 10 9 59
a 10 11 87
a 11 10 87
a 11 12 28
a 12 11 28
a 12 13 55
a 13 12 55
a 13 14 47
a 14 13 47
a 14 15 11
a 15 14 11
a 15 16 11
a 16 15 11
a 16 17 65
a 17 16 65
a 17 18 42
a 18 17 42
a 18 19 34
a 19 18 34
a 19 20 52
a 20 19 52
a 20 21 21
a 21 20 21
a 21 22 52
a 22 21 52
a 22 23 4
a 23 22 4
a 23 24 78
a 24 23 78
a 24 25 34
a 25 24 34
a 25 26 81
a 26 25 81
a 26 27 29
a 27 26 29
a 27 28 56
a 28 27 56
a 28 29 73
a 29 28 73
a 29 30 68
a 30 29 68
a 30 31 59
a 31 30 59
a 31 32 94
a 32 31 94
a 32 33 57
a 33 32 57
a 33 34 7
a 34 33 7
a 34 35 51
a 35 34 51
a 35 36 40
a 36 35 40
a 36 37 42
a 37 36 42
a 37 38 87
a 38 37 87
a 38 39 17
a 39 38 17
a 39 40 25
a 40 39 25
a 40 41 72
a 41 40 72
a 41 42 85
a 42 41 85
a 42 43 40
a 43 42 40
a 43 44 7
a 44 43 7
a 44 45 7
a 45 44 7
a 45 46 59
a 46 45 59
a 46 47 51
a 47 46 51
a 47 48 55
a 48 47 55
a 48 49 27
a 49 48 27
a 49 50 49
a 50 49 49
a 50 51 55
a 51 50 55
a 51 52 21
a 52 51 21
a 52 53 46
a 53 52 46
a 53 54 80
a 54 53 80
a 54 55 19
a 55 54 19
a 55 56 69
a 56 55 69
a 56 57 12
a 57 56 12
a 57 58 34
a 58 57 34
a 58 59 24
a 59 58 24
a 59 60 50
a 60 59 50
a 60 61 23
a 61 60 23
a 61 62 67
a 62 61 67
a 62 63 24
a 63 62 24
a 63 64 32
a 64 63 32
a 64 65 34
a 65 64 34
a 65 66 11
a 66 65 11
a 66 67 18
a 67 66 18
a 67 68 1
a 68 67 1
a 68 69 68
a 69 68 68
a 69 70 19
a 70 69 19
a 70 71 76
a 71 70 76
a 71 72 30
a 72 71 30
a 72 73 83
a 73 72 83
a 73 74 65
a 74 73 65
a 74 75 38
a 75 74 38
